 83 
 5 
 91 
 3 
 70 
 6 
 69 
 8 
 55 
 6 
 51 
 7 
 49 
 8 
 45 
 7 
 44 
 6 
 42 
 6 
 36 
 8 
 33 
 4 
 32 
 10 
 29 
 8 
 82 
 4 
 98 
 3 
 85 
 6 
 10 
 5 
 8 
 5 
 95 
 1 
 1 
 10 
 15 
 7 
 27 
 6 
 67 
 6 
 81 
 9 
 87 
 7 
 88 
 10 
 12 
 8 
 5 
 5 
 86 
 6 
 54 
 8 
 16 
 5 
 76 
 6 
 3 
 6 
 30 
 5 
 28 
 6 
 63 
 5 
 84 
 5 
 80 
 8 
 23 
 5 
 79 
 10 
 17 
 6 
 21 
 9 
 48 
 8 
 53 
 7 
 59 
 8 
 25 
 8 
 38 
 6 
 65 
 8 
 14 
 9 
 37 
 8 
